0, 141.338164625218
0.015625, 140.963482009363
0.03125, 140.589792664242
0.046875, 140.217093956729
0.0625, 139.845383260678
0.078125, 139.474657956905
0.09375, 139.104915433168
0.109375, 138.736153084152
0.125, 138.368368311446
0.140625, 138.00155852353
0.15625, 137.635721135753
0.171875, 137.270853570315
0.1875, 136.90695325625
0.203125, 136.544017629409
0.21875, 136.182044132438
0.234375, 135.821030214765
0.25, 135.460973332577
0.265625, 135.101870948807
0.28125, 134.743720533112
0.296875, 134.386519561858
0.3125, 134.030265518099
0.328125, 133.674955891564
0.34375, 133.320588178635
0.359375, 132.967159882332
0.375, 132.614668512292
0.390625, 132.263111584758
0.40625, 131.912486622553
0.421875, 131.562791155071
0.4375, 131.214022718251
0.453125, 130.866178854569
0.46875, 130.519257113012
0.484375, 130.173255049066
0.5, 129.828170224698
0.515625, 129.484000208337
0.53125, 129.140742574858
0.546875, 128.798394905566
0.5625, 128.456954788177
0.578125, 128.116419816801
0.59375, 127.776787591929
0.609375, 127.43805572041
0.625, 127.100221815439
0.640625, 126.763283496536
0.65625, 126.427238389534
0.671875, 126.092084126559
0.6875, 125.757818346014
0.703125, 125.424438692563
0.71875, 125.091942817113
0.734375, 124.7603283768
0.75, 124.429593034968
0.765625, 124.099734461158
0.78125, 123.770750331088
0.796875, 123.442638326638
0.8125, 123.115396135833
0.828125, 122.789021452826
0.84375, 122.463511977885
0.859375, 122.138865417373
0.875, 121.815079483732
0.890625, 121.492151895472
0.90625, 121.170080377147
0.921875, 120.848862659345
0.9375, 120.528496478672
0.953125, 120.208979577731
0.96875, 119.89030970511
0.984375, 119.572484615368
1, 119.255502069013
1.015625, 118.939359832492
1.03125, 118.624055678173
1.046875, 118.309587384327
1.0625, 117.995952735119
1.078125, 117.683149520585
1.09375, 117.371175536619
1.109375, 117.060028584961
1.125, 116.749706473176
1.140625, 116.440207014642
1.15625, 116.131528028533
1.171875, 115.823667339805
1.1875, 115.51662277918
1.203125, 115.210392183131
1.21875, 114.904973393865
1.234375, 114.60036425931
1.25, 114.2965626331
1.265625, 113.993566374558
1.28125, 113.691373348682
1.296875, 113.389981426129
1.3125, 113.089388483202
1.328125, 112.789592401834
1.34375, 112.490591069572
1.359375, 112.192382379564
1.375, 111.894964230541
1.390625, 111.598334526808
1.40625, 111.302491178223
1.421875, 111.007432100185
1.4375, 110.71315521362
1.453125, 110.419658444966
1.46875, 110.126939726156
1.484375, 109.834996994607
1.5, 109.543828193204
1.515625, 109.253431270284
1.53125, 108.963804179625
1.546875, 108.674944880427
1.5625, 108.386851337301
1.578125, 108.099521520255
1.59375, 107.812953404677
1.609375, 107.527144971322
1.625, 107.242094206299
1.640625, 106.957799101056
1.65625, 106.674257652363
1.671875, 106.391467862305
1.6875, 106.109427738259
1.703125, 105.828135292886
1.71875, 105.547588544117
1.734375, 105.267785515134
1.75, 104.988724234363
1.765625, 104.710402735455
1.78125, 104.432819057272
1.796875, 104.155971243879
1.8125, 103.879857344522
1.828125, 103.60447541362
1.84375, 103.329823510751
1.859375, 103.055899700636
1.875, 102.782702053124
1.890625, 102.510228643185
1.90625, 102.23847755089
1.921875, 101.967446861398
1.9375, 101.697134664947
1.953125, 101.427539056837
1.96875, 101.158658137417
1.984375, 100.890490012071
2, 100.623032791207
2.015625, 100.356284590242
2.03125, 100.090243529588
2.046875, 99.8249077346399
2.0625, 99.5602753357636
2.078125, 99.2963444682798
2.09375, 99.0331132724529
2.109375, 98.7705798934775
2.125, 98.5087424814651
2.140625, 98.2475991914311
2.15625, 97.987148183282
2.171875, 97.7273876218025
2.1875, 97.468315676642
2.203125, 97.2099305223024
2.21875, 96.9522303381249
2.234375, 96.6952133082771
2.25, 96.4388776217403
2.265625, 96.1832214722968
2.28125, 95.9282430585173
2.296875, 95.6739405837476
2.3125, 95.4203122560968
2.328125, 95.167356288424
2.34375, 94.9150708983261
2.359375, 94.6634543081248
2.375, 94.4125047448548
2.390625, 94.1622204402504
2.40625, 93.912599630734
2.421875, 93.6636405574027
2.4375, 93.4153414660167
2.453125, 93.1677006069866
2.46875, 92.920716235361
2.484375, 92.6743866108144
2.5, 92.4287099976348
2.515625, 92.1836846647114
2.53125, 91.9393088855228
2.546875, 91.6955809381243
2.5625, 91.4524991051361
2.578125, 91.210061673731
2.59375, 90.9682669356228
2.609375, 90.7271131870534
2.625, 90.4865987287817
2.640625, 90.2467218660711
2.65625, 90.0074809086777
2.671875, 89.7688741708383
2.6875, 89.5308999712587
2.703125, 89.2935566331017
2.71875, 89.0568424839754
2.734375, 88.8207558559212
2.75, 88.5852950854024
2.765625, 88.3504585132922
2.78125, 88.1162444848621
2.796875, 87.8826513497701
2.8125, 87.6496774620493
2.828125, 87.4173211800963
2.84375, 87.1855808666594
2.859375, 86.9544548888272
2.875, 86.7239416180173
2.890625, 86.4940394299642
2.90625, 86.2647467047087
2.921875, 86.0360618265857
2.9375, 85.8079831842136
2.953125, 85.580509170482
2.96875, 85.3536381825413
2.984375, 85.1273686217909
3, 84.9016988938678
3.015625, 84.6766274086361
3.03125, 84.4521525801747
3.046875, 84.2282728267671
3.0625, 84.0049865708899
3.078125, 83.7822922392013
3.09375, 83.5601882625309
3.109375, 83.3386730758678
3.125, 83.1177451183497
3.140625, 82.8974028332526
3.15625, 82.6776446679789
3.171875, 82.458469074047
3.1875, 82.2398745070803
3.203125, 82.0218594267965
3.21875, 81.804422296996
3.234375, 81.5875615855522
3.25, 81.3712757643997
3.265625, 81.1555633095242
3.28125, 80.9404227009513
3.296875, 80.7258524227362
3.3125, 80.5118509629527
3.328125, 80.2984168136826
3.34375, 80.0855484710054
3.359375, 79.8732444349872
3.375, 79.6615032096704
3.390625, 79.4503233030632
3.40625, 79.239703227129
3.421875, 79.029641497776
3.4375, 78.8201366348465
3.453125, 78.6111871621068
3.46875, 78.4027916072366
3.484375, 78.1949485018186
3.5, 77.9876563813285
3.515625, 77.780913785124
3.53125, 77.5747192564351
3.546875, 77.3690713423538
3.5625, 77.1639685938234
3.578125, 76.9594095656289
3.59375, 76.7553928163863
3.609375, 76.5519169085328
3.625, 76.3489804083165
3.640625, 76.1465818857861
3.65625, 75.9447199147815
3.671875, 75.7433930729229
3.6875, 75.5425999416013
3.703125, 75.3423391059686
3.71875, 75.142609154927
3.734375, 74.9434086811198
3.75, 74.7447362809211
3.765625, 74.5465905544259
3.78125, 74.3489701054402
3.796875, 74.1518735414715
3.8125, 73.9552994737186
3.828125, 73.759246517062
3.84375, 73.5637132900541
3.859375, 73.3686984149094
3.875, 73.174200517495
3.890625, 72.9802182273207
3.90625, 72.7867501775294
3.921875, 72.5937950048876
3.9375, 72.4013513497755
3.953125, 72.2094178561777
3.96875, 72.0179931716737
3.984375, 71.827075947428
4, 71.6366648381809
4.015625, 71.4467585022389
4.03125, 71.2573556014654
4.046875, 71.0684548012711
4.0625, 70.8800547706045
4.078125, 70.6921541819428
4.09375, 70.5047517112826
4.109375, 70.31784603813
4.125, 70.1314358454919
4.140625, 69.9455198198666
4.15625, 69.7600966512343
4.171875, 69.575165033048
4.1875, 69.3907236622244
4.203125, 69.2067712391347
4.21875, 69.023306467595
4.234375, 68.8403280548581
4.25, 68.6578347116033
4.265625, 68.4758251519282
4.28125, 68.2942980933392
4.296875, 68.1132522567423
4.3125, 67.9326863664348
4.328125, 67.7525991500954
4.34375, 67.572989338776
4.359375, 67.3938556668922
4.375, 67.2151968722148
4.390625, 67.0370116958606
4.40625, 66.8592988822837
4.421875, 66.6820571792666
4.4375, 66.5052853379114
4.453125, 66.3289821126311
4.46875, 66.1531462611405
4.484375, 65.9777765444477
4.5, 65.8028717268455
4.515625, 65.6284305759023
4.53125, 65.4544518624538
4.546875, 65.280934360594
4.5625, 65.1078768476669
4.578125, 64.9352781042576
4.59375, 64.763136914184
4.609375, 64.5914520644878
4.625, 64.4202223454264
4.640625, 64.2494465504641
4.65625, 64.0791234762638
4.671875, 63.9092519226782
4.6875, 63.7398306927418
4.703125, 63.570858592662
4.71875, 63.402334431811
4.734375, 63.2342570227174
4.75, 63.0666251810575
4.765625, 62.8994377256474
4.78125, 62.7326934784345
4.796875, 62.566391264489
4.8125, 62.400529911996
4.828125, 62.2351082522468
4.84375, 62.0701251196313
4.859375, 61.9055793516289
4.875, 61.7414697888011
4.890625, 61.5777952747831
4.90625, 61.4145546562753
4.921875, 61.2517467830357
4.9375, 61.0893705078715
4.953125, 60.927424686631
4.96875, 60.7659081781956
4.984375, 60.6048198444719
5, 60.4441585503834
5.015625, 60.2839231638627
5.03125, 60.1241125558436
5.046875, 59.9647256002527
5.0625, 59.8057611740021
5.078125, 59.647218156981
5.09375, 59.489095432048
5.109375, 59.3313918850233
5.125, 59.1741064046806
5.140625, 59.0172378827395
5.15625, 58.8607852138577
5.171875, 58.704747295623
5.1875, 58.5491230285456
5.203125, 58.3939113160505
5.21875, 58.2391110644699
5.234375, 58.0847211830348
5.25, 57.9307405838682
5.265625, 57.7771681819768
5.28125, 57.6240028952437
5.296875, 57.4712436444207
5.3125, 57.3188893531203
5.328125, 57.166938947809
5.34375, 57.0153913577988
5.359375, 56.8642455152402
5.375, 56.7135003551145
5.390625, 56.5631548152263
5.40625, 56.4132078361962
5.421875, 56.263658361453
5.4375, 56.1145053372265
5.453125, 55.9657477125401
5.46875, 55.817384439203
5.484375, 55.6694144718035
5.5, 55.5218367677011
5.515625, 55.3746502870192
5.53125, 55.227853992638
5.546875, 55.0814468501869
5.5625, 54.9354278280377
5.578125, 54.7897958972968
5.59375, 54.6445500317981
5.609375, 54.4996892080959
5.625, 54.3552124054577
5.640625, 54.2111186058568
5.65625, 54.0674067939654
5.671875, 53.9240759571471
5.6875, 53.7811250854502
5.703125, 53.6385531716002
5.71875, 53.4963592109928
5.734375, 53.3545422016869
5.75, 53.2131011443977
5.765625, 53.0720350424893
5.78125, 52.9313429019679
5.796875, 52.7910237314746
5.8125, 52.6510765422787
5.828125, 52.5115003482707
5.84375, 52.3722941659549
5.859375, 52.2334570144432
5.875, 52.0949879154476
5.890625, 51.9568858932735
5.90625, 51.8191499748128
5.921875, 51.6817791895372
5.9375, 51.5447725694912
5.953125, 51.4081291492853
5.96875, 51.2718479660892
5.984375, 51.135928059625
6, 51.0003684721605
6.015625, 50.8651682485025
6.03125, 50.7303264359898
6.046875, 50.5958420844868
6.0625, 50.4617142463767
6.078125, 50.3279419765547
6.09375, 50.1945243324216
6.109375, 50.0614603738767
6.125, 49.9287491633118
6.140625, 49.7963897656041
6.15625, 49.6643812481098
6.171875, 49.5327226806576
6.1875, 49.4014131355418
6.203125, 49.2704516875163
6.21875, 49.1398374137876
6.234375, 49.0095693940087
6.25, 48.8796467102722
6.265625, 48.7500684471041
6.28125, 48.6208336914574
6.296875, 48.4919415327054
6.3125, 48.3633910626355
6.328125, 48.2351813754427
6.34375, 48.1073115677235
6.359375, 47.9797807384689
6.375, 47.8525879890588
6.390625, 47.725732423255
6.40625, 47.5992131471955
6.421875, 47.4730292693876
6.4375, 47.3471799007022
6.453125, 47.221664154367
6.46875, 47.0964811459607
6.484375, 46.9716299934065
6.5, 46.8471098169658
6.515625, 46.7229197392325
6.53125, 46.5990588851261
6.546875, 46.4755263818862
6.5625, 46.3523213590659
6.578125, 46.2294429485259
6.59375, 46.1068902844282
6.609375, 45.9846625032302
6.625, 45.8627587436786
6.640625, 45.741178146803
6.65625, 45.6199198559103
6.671875, 45.4989830165785
6.6875, 45.3783667766505
6.703125, 45.2580702862283
6.71875, 45.138092697667
6.734375, 45.0184331655687
6.75, 44.8990908467766
6.765625, 44.7800649003691
6.78125, 44.661354487654
6.796875, 44.5429587721623
6.8125, 44.4248769196425
6.828125, 44.3071080980546
6.84375, 44.1896514775643
6.859375, 44.0725062305374
6.875, 43.9556715315334
6.890625, 43.8391465573001
6.90625, 43.722930486768
6.921875, 43.6070225010439
6.9375, 43.4914217834056
6.953125, 43.3761275192958
6.96875, 43.261138896317
6.984375, 43.1464551042248
7, 43.0320753349232
7.015625, 42.9179987824582
7.03125, 42.8042246430123
7.046875, 42.690752114899
7.0625, 42.5775803985571
7.078125, 42.4647086965449
7.09375, 42.3521362135347
7.109375, 42.2398621563072
7.125, 42.127885733746
7.140625, 42.0162061568317
7.15625, 41.9048226386368
7.171875, 41.7937343943198
7.1875, 41.6829406411197
7.203125, 41.5724405983508
7.21875, 41.4622334873968
7.234375, 41.3523185317055
7.25, 41.2426949567833
7.265625, 41.1333619901899
7.28125, 41.0243188615326
7.296875, 40.915564802461
7.3125, 40.8070990466614
7.328125, 40.698920829852
7.34375, 40.5910293897766
7.359375, 40.4834239662
7.375, 40.3761038009023
7.390625, 40.2690681376737
7.40625, 40.1623162223089
7.421875, 40.0558473026021
7.4375, 39.9496606283415
7.453125, 39.8437554513041
7.46875, 39.7381310252506
7.484375, 39.6327866059196
7.5, 39.527721451023
7.515625, 39.4229348202403
7.53125, 39.3184259752138
7.546875, 39.2141941795429
7.5625, 39.1102386987793
7.578125, 39.0065588004217
7.59375, 38.9031537539106
7.609375, 38.8000228306232
7.625, 38.6971653038683
7.640625, 38.594580448881
7.65625, 38.4922675428178
7.671875, 38.3902258647516
7.6875, 38.2884546956663
7.703125, 38.1869533184517
7.71875, 38.0857210178989
7.734375, 37.9847570806951
7.75, 37.8840607954181
7.765625, 37.7836314525318
7.78125, 37.6834683443813
7.796875, 37.5835707651873
7.8125, 37.4839380110417
7.828125, 37.3845693799024
7.84375, 37.2854641715884
7.859375, 37.1866216877749
7.875, 37.0880412319883
7.890625, 36.9897221096011
7.90625, 36.8916636278277
7.921875, 36.7938650957186
7.9375, 36.6963258241563
7.953125, 36.5990451258499
7.96875, 36.5020223153307
7.984375, 36.4052567089469
8, 36.3087476248593
8.015625, 36.2124943830361
8.03125, 36.1164963052482
8.046875, 36.0207527150645
8.0625, 35.9252629378472
8.078125, 35.8300263007468
8.09375, 35.7350421326975
8.109375, 35.6403097644126
8.125, 35.5458285283796
8.140625, 35.4515977588554
8.15625, 35.3576167918621
8.171875, 35.2638849651816
8.1875, 35.1704016183515
8.203125, 35.0771660926604
8.21875, 34.9841777311428
8.234375, 34.8914358785751
8.25, 34.7989398814705
8.265625, 34.7066890880747
8.28125, 34.614682848361
8.296875, 34.522920514026
8.3125, 34.4314014384849
8.328125, 34.3401249768671
8.34375, 34.2490904860114
8.359375, 34.1582973244616
8.375, 34.067744852462
8.390625, 33.9774324319529
8.40625, 33.887359426566
8.421875, 33.7975252016201
8.4375, 33.7079291241164
8.453125, 33.6185705627343
8.46875, 33.5294488878267
8.484375, 33.4405634714156
8.5, 33.351913687188
8.515625, 33.263498910491
8.53125, 33.1753185183277
8.546875, 33.0873718893528
8.5625, 32.9996584038681
8.578125, 32.9121774438182
8.59375, 32.8249283927862
8.609375, 32.7379106359893
8.625, 32.6511235602744
8.640625, 32.5645665541138
8.65625, 32.4782390076012
8.671875, 32.3921403124468
8.6875, 32.3062698619736
8.703125, 32.2206270511127
8.71875, 32.1352112763994
8.734375, 32.0500219359687
8.75, 31.965058429551
8.765625, 31.8803201584682
8.78125, 31.7958065256291
8.796875, 31.7115169355255
8.8125, 31.6274507942277
8.828125, 31.5436075093807
8.84375, 31.4599864901997
8.859375, 31.376587147466
8.875, 31.293408893523
8.890625, 31.2104511422719
8.90625, 31.1277133091677
8.921875, 31.0451948112149
8.9375, 30.9628950669635
8.953125, 30.8808134965051
8.96875, 30.7989495214684
8.984375, 30.7173025650153
9, 30.6358720518372
9.015625, 30.5546574081503
9.03125, 30.473658061692
9.046875, 30.3928734417168
9.0625, 30.3123029789921
9.078125, 30.2319461057945
9.09375, 30.1518022559054
9.109375, 30.0718708646074
9.125, 29.99215136868
9.140625, 29.912643206396
9.15625, 29.833345817517
9.171875, 29.7542586432901
9.1875, 29.6753811264433
9.203125, 29.5967127111823
9.21875, 29.5182528431859
9.234375, 29.4400009696024
9.25, 29.3619565390459
9.265625, 29.284119001592
9.28125, 29.2064878087741
9.296875, 29.1290624135798
9.3125, 29.0518422704467
9.328125, 28.9748268352584
9.34375, 28.8980155653415
9.359375, 28.8214079194606
9.375, 28.7450033578156
9.390625, 28.668801342037
9.40625, 28.5928013351828
9.421875, 28.5170028017343
9.4375, 28.4414052075923
9.453125, 28.3660080200736
9.46875, 28.2908107079073
9.484375, 28.2158127412305
9.5, 28.1410135915854
9.515625, 28.0664127319147
9.53125, 27.9920096365585
9.546875, 27.9178037812505
9.5625, 27.843794643114
9.578125, 27.7699817006587
9.59375, 27.6963644337764
9.609375, 27.622942323738
9.625, 27.5497148531894
9.640625, 27.476681506148
9.65625, 27.4038417679991
9.671875, 27.3311951254921
9.6875, 27.2587410667371
9.703125, 27.1864790812012
9.71875, 27.114408659705
9.734375, 27.0425292944186
9.75, 26.9708404788588
9.765625, 26.8993417078847
9.78125, 26.8280324776946
9.796875, 26.7569122858225
9.8125, 26.6859806311342
9.828125, 26.6152370138242
9.84375, 26.5446809354119
9.859375, 26.474311898738
9.875, 26.4041294079614
9.890625, 26.3341329685552
9.90625, 26.2643220873038
9.921875, 26.1946962722988
9.9375, 26.1252550329359
9.953125, 26.0559978799115
9.96875, 25.9869243252191
9.984375, 25.9180338821457
10, 25.8493260652687
10.015625, 25.7808003904524
10.03125, 25.7124563748445
10.046875, 25.6442935368726
10.0625, 25.576311396241
10.078125, 25.5085094739273
10.09375, 25.4408872921789
10.109375, 25.3734443745098
10.125, 25.3061802456971
10.140625, 25.2390944317776
10.15625, 25.1721864600447
10.171875, 25.1054558590449
10.1875, 25.0389021585744
10.203125, 24.972524889676
10.21875, 24.9063235846358
10.234375, 24.8402977769795
10.25, 24.7744470014697
10.265625, 24.7087707941021
10.28125, 24.6432686921025
10.296875, 24.5779402339237
10.3125, 24.5127849592418
10.328125, 24.4478024089534
10.34375, 24.382992125172
10.359375, 24.318353651225
10.375, 24.2538865316504
10.390625, 24.1895903121938
10.40625, 24.1254645398047
10.421875, 24.0615087626339
10.4375, 23.9977225300298
10.453125, 23.9341053925357
10.46875, 23.8706569018862
10.484375, 23.8073766110044
10.5, 23.7442640739984
10.515625, 23.6813188461585
10.53125, 23.6185404839538
10.546875, 23.5559285450292
10.5625, 23.4934825882025
10.578125, 23.4312021734607
10.59375, 23.3690868619574
10.609375, 23.3071362160098
10.625, 23.2453497990949
10.640625, 23.1837271758473
10.65625, 23.1222679120557
10.671875, 23.0609715746597
10.6875, 22.999837731747
10.703125, 22.9388659525504
10.71875, 22.8780558074445
10.734375, 22.8174068679429
10.75, 22.756918706695
10.765625, 22.6965908974834
10.78125, 22.6364230152201
10.796875, 22.5764146359445
10.8125, 22.5165653368195
10.828125, 22.4568746961291
10.84375, 22.3973422932753
10.859375, 22.337967708775
10.875, 22.2787505242572
10.890625, 22.2196903224599
10.90625, 22.1607866872274
10.921875, 22.102039203507
10.9375, 22.0434474573465
10.953125, 21.9850110358909
10.96875, 21.9267295273799
10.984375, 21.8686025211445
11, 21.8106296076044
11.015625, 21.7528103782653
11.03125, 21.6951444257156
11.046875, 21.6376313436238
11.0625, 21.5802707267356
11.078125, 21.523062170871
11.09375, 21.4660052729214
11.109375, 21.409099630847
11.125, 21.3523448436734
11.140625, 21.2957405114898
11.15625, 21.2392862354449
11.171875, 21.1829816177452
11.1875, 21.1268262616515
11.203125, 21.0708197714765
11.21875, 21.0149617525816
11.234375, 20.9592518113747
11.25, 20.9036895553069
11.265625, 20.84827459287
11.28125, 20.7930065335935
11.296875, 20.7378849880423
11.3125, 20.6829095678136
11.328125, 20.6280798855341
11.34375, 20.5733955548575
11.359375, 20.5188561904617
11.375, 20.4644614080461
11.390625, 20.4102108243289
11.40625, 20.3561040570442
11.421875, 20.3021407249396
11.4375, 20.2483204477734
11.453125, 20.1946428463119
11.46875, 20.1411075423267
11.484375, 20.087714158592
11.5, 20.0344623188822
11.515625, 19.981351647969
11.53125, 19.9283817716185
11.546875, 19.8755523165895
11.5625, 19.8228629106297
11.578125, 19.7703131824738
11.59375, 19.7179027618409
11.609375, 19.6656312794315
11.625, 19.613498366925
11.640625, 19.5615036569775
11.65625, 19.5096467832188
11.671875, 19.4579273802497
11.6875, 19.4063450836401
11.703125, 19.3548995299256
11.71875, 19.3035903566056
11.734375, 19.2524172021402
11.75, 19.2013797059482
11.765625, 19.1504775084042
11.78125, 19.0997102508361
11.796875, 19.0490775755227
11.8125, 18.998579125691
11.828125, 18.9482145455139
11.84375, 18.8979834801075
11.859375, 18.8478855755288
11.875, 18.797920478773
11.890625, 18.7480878377711
11.90625, 18.6983873013875
11.921875, 18.6488185194174
11.9375, 18.5993811425844
11.953125, 18.5500748225379
11.96875, 18.5008992118509
11.984375, 18.4518539640173
12, 18.4029387334499
12.015625, 18.3541531754772
12.03125, 18.3054969463417
12.046875, 18.256969703197
12.0625, 18.2085711041057
12.078125, 18.1603008080369
12.09375, 18.1121584748637
12.109375, 18.0641437653608
12.125, 18.0162563412023
12.140625, 17.9684958649591
12.15625, 17.9208620000966
12.171875, 17.8733544109724
12.1875, 17.8259727628338
12.203125, 17.7787167218158
12.21875, 17.731585954938
12.234375, 17.6845801301031
12.25, 17.6376989160939
12.265625, 17.5909419825715
12.28125, 17.5443090000727
12.296875, 17.4977996400073
12.3125, 17.4514135746568
12.328125, 17.4051504771709
12.34375, 17.3590100215662
12.359375, 17.3129918827231
12.375, 17.2670957363843
12.390625, 17.2213212591517
12.40625, 17.1756681284847
12.421875, 17.1301360226977
12.4375, 17.084724620958
12.453125, 17.0394336032833
12.46875, 16.9942626505396
12.484375, 16.9492114444388
12.5, 16.9042796675367
12.515625, 16.8594670032306
12.53125, 16.8147731357571
12.546875, 16.77019775019
12.5625, 16.7257405324377
12.578125, 16.6814011692414
12.59375, 16.6371793481727
12.609375, 16.5930747576316
12.625, 16.5490870868439
12.640625, 16.5052160258593
12.65625, 16.4614612655493
12.671875, 16.4178224976048
12.6875, 16.374299414534
12.703125, 16.3308917096604
12.71875, 16.2875990771201
12.734375, 16.2444212118606
12.75, 16.2013578096375
12.765625, 16.1584085670135
12.78125, 16.1155731813552
12.796875, 16.0728513508319
12.8125, 16.0302427744127
12.828125, 15.9877471518648
12.84375, 15.9453641837516
12.859375, 15.9030935714298
12.875, 15.8609350170483
12.890625, 15.8188882235452
12.90625, 15.7769528946463
12.921875, 15.7351287348628
12.9375, 15.6934154494891
12.953125, 15.651812744601
12.96875, 15.6103203270535
12.984375, 15.5689379044786
13, 15.5276651852834
13.015625, 15.486501878648
13.03125, 15.4454476945235
13.046875, 15.4045023436299
13.0625, 15.3636655374539
13.078125, 15.3229369882474
13.09375, 15.2823164090247
13.109375, 15.2418035135612
13.125, 15.2013980163909
13.140625, 15.1610996328047
13.15625, 15.120908078848
13.171875, 15.0808230713193
13.1875, 15.0408443277676
13.203125, 15.0009715664908
13.21875, 14.9612045065335
13.234375, 14.9215428676851
13.25, 14.881986370478
13.265625, 14.8425347361851
13.28125, 14.8031876868186
13.296875, 14.7639449451274
13.3125, 14.7248062345954
13.328125, 14.6857712794396
13.34375, 14.6468398046081
13.359375, 14.6080115357781
13.375, 14.5692861993541
13.390625, 14.5306635224656
13.40625, 14.492143232966
13.421875, 14.4537250594296
13.4375, 14.4154087311507
13.453125, 14.3771939781409
13.46875, 14.3390805311276
13.484375, 14.3010681215522
13.5, 14.2631564815679
13.515625, 14.225345344038
13.53125, 14.1876344425339
13.546875, 14.1500235113334
13.5625, 14.1125122854185
13.578125, 14.0751005004741
13.59375, 14.0377878928856
13.609375, 14.0005741997371
13.625, 13.9634591588099
13.640625, 13.9264425085804
13.65625, 13.8895239882182
13.671875, 13.8527033375843
13.6875, 13.8159802972296
13.703125, 13.7793546083924
13.71875, 13.7428260129974
13.734375, 13.706394253653
13.75, 13.6700590736504
13.765625, 13.6338202169608
13.78125, 13.5976774282347
13.796875, 13.561630452799
13.8125, 13.525679036656
13.828125, 13.4898229264814
13.84375, 13.4540618696223
13.859375, 13.4183956140957
13.875, 13.3828239085864
13.890625, 13.3473465024456
13.90625, 13.3119631456889
13.921875, 13.2766735889947
13.9375, 13.2414775837021
13.953125, 13.2063748818098
13.96875, 13.1713652359734
13.984375, 13.1364483995048
14, 13.1016241263693
14.015625, 13.0668921711848
14.03125, 13.0322522892195
14.046875, 12.9977042363906
14.0625, 12.9632477692621
14.078125, 12.9288826450436
14.09375, 12.894608621588
14.109375, 12.8604254573904
14.125, 12.826332911586
14.140625, 12.7923307439486
14.15625, 12.7584187148888
14.171875, 12.7245965854523
14.1875, 12.6908641173182
14.203125, 12.6572210727976
14.21875, 12.6236672148316
14.234375, 12.5902023069896
14.25, 12.5568261134679
14.265625, 12.5235383990879
14.28125, 12.4903389292944
14.296875, 12.4572274701541
14.3125, 12.4242037883538
14.328125, 12.3912676511987
14.34375, 12.3584188266111
14.359375, 12.3256570831282
14.375, 12.2929821899011
14.390625, 12.2603939166927
14.40625, 12.2278920338763
14.421875, 12.1954763124341
14.4375, 12.1631465239551
14.453125, 12.1309024406339
14.46875, 12.0987438352693
14.484375, 12.066670481262
14.5, 12.0346821526136
14.515625, 12.0027786239249
14.53125, 11.9709596703941
14.546875, 11.9392250678152
14.5625, 11.9075745925769
14.578125, 11.8760080216605
14.59375, 11.8445251326384
14.609375, 11.8131257036729
14.625, 11.7818095135142
14.640625, 11.7505763414992
14.65625, 11.7194259675494
14.671875, 11.6883581721702
14.6875, 11.6573727364486
14.703125, 11.626469442052
14.71875, 11.5956480712265
14.734375, 11.5649084067955
14.75, 11.5342502321582
14.765625, 11.5036733312881
14.78125, 11.473177488731
14.796875, 11.4427624896043
14.8125, 11.4124281195947
14.828125, 11.3821741649572
14.84375, 11.3520004125135
14.859375, 11.3219066496503
14.875, 11.2918926643179
14.890625, 11.2619582450289
14.90625, 11.2321031808565
14.921875, 11.2023272614329
14.9375, 11.1726302769481
14.953125, 11.1430120181483
14.96875, 11.1134722763345
14.984375, 11.0840108433607
15, 11.0546275116331
