-3 -0.999977894851102
-2.984375 -0.999975612924094
-2.96875 -0.99997310799212
-2.953125 -0.99997035960289
-2.9375 -0.999967345565382
-2.921875 -0.999964041815364
-2.90625 -0.999960422271747
-2.890625 -0.999956458683253
-2.875 -0.999952120464865
-2.859375 -0.999947374523499
-2.84375 -0.999942185072323
-2.828125 -0.99993651343313
-2.8125 -0.999930317826141
-2.796875 -0.999923553146616
-2.78125 -0.999916170727611
-2.765625 -0.999908118088214
-2.75 -0.999899338666567
-2.734375 -0.999889771536983
-2.71875 -0.99987935111042
-2.703125 -0.999868006817591
-2.6875 -0.999855662773968
-2.671875 -0.999842237425902
-2.65625 -0.999827643177119
-2.640625 -0.999811785994796
-2.625 -0.999794564994445
-2.609375 -0.999775872002829
-2.59375 -0.999755591098111
-2.578125 -0.999733598126471
-2.5625 -0.999709760194397
-2.546875 -0.999683935135895
-2.53125 -0.999655970953862
-2.515625 -0.999625705234861
-2.5 -0.999592964536606
-2.484375 -0.99955756374743
-2.46875 -0.999519305417082
-2.453125 -0.999477979058207
-2.4375 -0.999433360417915
-2.421875 -0.999385210718868
-2.40625 -0.999333275869388
-2.390625 -0.999277285642123
-2.375 -0.999216952820867
-2.359375 -0.999151972315219
-2.34375 -0.9990820202428
-2.328125 -0.99900675297887
-2.3125 -0.998925806173226
-2.296875 -0.998838793734389
-2.28125 -0.99874530678118
-2.265625 -0.998644912561874
-2.25 -0.99853715334125
-2.234375 -0.998421545255981
-2.21875 -0.998297577138918
-2.203125 -0.998164709312972
-2.1875 -0.998022372355439
-2.171875 -0.997869965833755
-2.15625 -0.997706857013839
-2.140625 -0.997532379542339
-2.125 -0.99734583210427
-2.109375 -0.997146477057709
-2.09375 -0.996933539047404
-2.078125 -0.996706203599348
-2.0625 -0.996463615698547
-2.046875 -0.996204878352449
-2.03125 -0.995929051142677
-2.015625 -0.995635148767941
-2 -0.995322139581219
-1.984375 -0.994988944124515
-1.96875 -0.994634433664726
-1.953125 -0.994257428734382
-1.9375 -0.993856697681238
-1.921875 -0.993430955230956
-1.90625 -0.992978861067285
-1.890625 -0.99249901843445
-1.875 -0.99198997276661
-1.859375 -0.991450210349533
-1.84375 -0.990878157019788
-1.828125 -0.990272176907034
-1.8125 -0.989630571225125
-1.796875 -0.988951577117992
-1.78125 -0.988233366566433
-1.765625 -0.987474045362119
-1.75 -0.986671652155294
-1.734375 -0.985824157582785
-1.71875 -0.984929463483104
-1.703125 -0.98398540220551
-1.6875 -0.98298973602003
-1.671875 -0.981940156635514
-1.65625 -0.98083428483285
-1.640625 -0.979669670220542
-1.625 -0.978443791119842
-1.609375 -0.977154054586638
-1.59375 -0.97579779657727
-1.578125 -0.974372282265392
-1.5625 -0.972874706516915
-1.546875 -0.971302194529939
-1.53125 -0.969651802646473
-1.515625 -0.967920519342523
-1.5 -0.966105266402972
-1.484375 -0.964202900287389
-1.46875 -0.962210213692685
-1.453125 -0.960123937318175
-1.4375 -0.957940741838313
-1.421875 -0.955657240087964
-1.40625 -0.953269989464677
-1.390625 -0.950775494551989
-1.375 -0.948170209967293
-1.359375 -0.945450543437315
-1.34375 -0.942612859103685
-1.328125 -0.939653481060497
-1.3125 -0.936568697125191
-1.296875 -0.933354762843371
-1.28125 -0.930007905727592
-1.265625 -0.926524329729362
-1.25 -0.922900219942947
-1.234375 -0.919131747538776
-1.21875 -0.91521507492348
-1.203125 -0.911146361122801
-1.1875 -0.906921767382802
-1.171875 -0.902537462983956
-1.15625 -0.897989631261869
-1.140625 -0.893274475827527
-1.125 -0.888388226979099
-1.109375 -0.883327148296448
-1.09375 -0.878087543408649
-1.078125 -0.872665762923944
-1.0625 -0.867058211510683
-1.046875 -0.861261355116982
-1.03125 -0.855271728315962
-1.015625 -0.84908594176262
-1 -0.84270068974759
-0.984375 -0.836112757832261
-0.96875 -0.829319030548979
-0.953125 -0.822316499149344
-0.9375 -0.815102269382926
-0.921875 -0.80767356928809
-0.90625 -0.800027756976023
-0.890625 -0.792162328388496
-0.875 -0.784074925009414
-0.859375 -0.775763341509744
-0.84375 -0.767225533305043
-0.828125 -0.758459624004451
-0.8125 -0.749463912729804
-0.796875 -0.740236881283268
-0.78125 -0.730777201141808
-0.765625 -0.721083740256746
-0.75 -0.711155569636656
-0.734375 -0.700991969691978
-0.71875 -0.690592436319856
-0.703125 -0.679956686708001
-0.6875 -0.669084664836671
-0.671875 -0.657976546658275
-0.65625 -0.646632744934609
-0.640625 -0.635053913712271
-0.625 -0.623240952417462
-0.609375 -0.611195009552093
-0.59375 -0.598917485973922
-0.578125 -0.5864100377443
-0.5625 -0.57367457852806
-0.546875 -0.560713281531108
-0.53125 -0.547528580962327
-0.515625 -0.534123173007574
-0.5 -0.520500016304747
-0.484375 -0.506662331910174
-0.46875 -0.492613602747862
-0.453125 -0.478357572534555
-0.4375 -0.463898244174907
-0.421875 -0.449239877622579
-0.40625 -0.434386987204493
-0.390625 -0.41934433840704
-0.375 -0.40411694412452
-0.359375 -0.38871006037169
-0.34375 -0.37312918146381
-0.328125 -0.357380034669189
-0.3125 -0.341468574340735
-0.296875 -0.325400975534636
-0.28125 -0.309183627125788
-0.265625 -0.292823124431129
-0.25 -0.276326261353527
-0.234375 -0.259700022060334
-0.21875 -0.242951572212135
-0.203125 -0.226088249758601
-0.1875 -0.209117555319681
-0.171875 -0.192047142171631
-0.15625 -0.174884805858601
-0.140625 -0.157638473451622
-0.125 -0.140316192477912
-0.109375 -0.122926119544425
-0.09375 -0.105476508680438
-0.078125 -0.0879756994248498
-0.0625 -0.0704321046845497
-0.046875 -0.0528541983908957
-0.03125 -0.0352505029818697
-0.015625 -0.0176295767379393
0 9.99999971718069E-10
0.015625 0.0176295767379393
0.03125 0.0352505029818697
0.046875 0.0528541983908957
0.0625 0.0704321046845497
0.078125 0.0879756994248498
0.09375 0.105476508680438
0.109375 0.122926119544425
0.125 0.140316192477912
0.140625 0.157638473451622
0.15625 0.174884805858601
0.171875 0.192047142171631
0.1875 0.209117555319681
0.203125 0.226088249758601
0.21875 0.242951572212135
0.234375 0.259700022060334
0.25 0.276326261353527
0.265625 0.292823124431129
0.28125 0.309183627125788
0.296875 0.325400975534636
0.3125 0.341468574340735
0.328125 0.357380034669189
0.34375 0.37312918146381
0.359375 0.38871006037169
0.375 0.40411694412452
0.390625 0.41934433840704
0.40625 0.434386987204493
0.421875 0.449239877622579
0.4375 0.463898244174907
0.453125 0.478357572534555
0.46875 0.492613602747862
0.484375 0.506662331910174
0.5 0.520500016304747
0.515625 0.534123173007574
0.53125 0.547528580962327
0.546875 0.560713281531108
0.5625 0.57367457852806
0.578125 0.5864100377443
0.59375 0.598917485973922
0.609375 0.611195009552093
0.625 0.623240952417462
0.640625 0.635053913712271
0.65625 0.646632744934609
0.671875 0.657976546658275
0.6875 0.669084664836671
0.703125 0.679956686708001
0.71875 0.690592436319856
0.734375 0.700991969691978
0.75 0.711155569636656
0.765625 0.721083740256746
0.78125 0.730777201141808
0.796875 0.740236881283268
0.8125 0.749463912729804
0.828125 0.758459624004451
0.84375 0.767225533305043
0.859375 0.775763341509744
0.875 0.784074925009414
0.890625 0.792162328388496
0.90625 0.800027756976023
0.921875 0.80767356928809
0.9375 0.815102269382926
0.953125 0.822316499149344
0.96875 0.829319030548979
0.984375 0.836112757832261
1 0.84270068974759
1.015625 0.84908594176262
1.03125 0.855271728315962
1.046875 0.861261355116982
1.0625 0.867058211510683
1.078125 0.872665762923944
1.09375 0.878087543408649
1.109375 0.883327148296448
1.125 0.888388226979099
1.140625 0.893274475827527
1.15625 0.897989631261869
1.171875 0.902537462983956
1.1875 0.906921767382802
1.203125 0.911146361122801
1.21875 0.91521507492348
1.234375 0.919131747538776
1.25 0.922900219942947
1.265625 0.926524329729362
1.28125 0.930007905727592
1.296875 0.933354762843371
1.3125 0.936568697125191
1.328125 0.939653481060497
1.34375 0.942612859103685
1.359375 0.945450543437315
1.375 0.948170209967293
1.390625 0.950775494551989
1.40625 0.953269989464677
1.421875 0.955657240087964
1.4375 0.957940741838313
1.453125 0.960123937318175
1.46875 0.962210213692685
1.484375 0.964202900287389
1.5 0.966105266402972
1.515625 0.967920519342523
1.53125 0.969651802646473
1.546875 0.971302194529939
1.5625 0.972874706516915
1.578125 0.974372282265392
1.59375 0.97579779657727
1.609375 0.977154054586638
1.625 0.978443791119842
1.640625 0.979669670220542
1.65625 0.98083428483285
1.671875 0.981940156635514
1.6875 0.98298973602003
1.703125 0.98398540220551
1.71875 0.984929463483104
1.734375 0.985824157582785
1.75 0.986671652155294
1.765625 0.987474045362119
1.78125 0.988233366566433
1.796875 0.988951577117992
1.8125 0.989630571225125
1.828125 0.990272176907034
1.84375 0.990878157019788
1.859375 0.991450210349533
1.875 0.99198997276661
1.890625 0.99249901843445
1.90625 0.992978861067285
1.921875 0.993430955230956
1.9375 0.993856697681238
1.953125 0.994257428734382
1.96875 0.994634433664726
1.984375 0.994988944124515
2 0.995322139581219
2.015625 0.995635148767941
2.03125 0.995929051142677
2.046875 0.996204878352449
2.0625 0.996463615698547
2.078125 0.996706203599348
2.09375 0.996933539047404
2.109375 0.997146477057709
2.125 0.99734583210427
2.140625 0.997532379542339
2.15625 0.997706857013839
2.171875 0.997869965833755
2.1875 0.998022372355439
2.203125 0.998164709312972
2.21875 0.998297577138918
2.234375 0.998421545255981
2.25 0.99853715334125
2.265625 0.998644912561874
2.28125 0.99874530678118
2.296875 0.998838793734389
2.3125 0.998925806173226
2.328125 0.99900675297887
2.34375 0.9990820202428
2.359375 0.999151972315219
2.375 0.999216952820867
2.390625 0.999277285642123
2.40625 0.999333275869388
2.421875 0.999385210718868
2.4375 0.999433360417915
2.453125 0.999477979058207
2.46875 0.999519305417082
2.484375 0.99955756374743
2.5 0.999592964536606
2.515625 0.999625705234861
2.53125 0.999655970953862
2.546875 0.999683935135895
2.5625 0.999709760194397
2.578125 0.999733598126471
2.59375 0.999755591098111
2.609375 0.999775872002829
2.625 0.999794564994445
2.640625 0.999811785994796
2.65625 0.999827643177119
2.671875 0.999842237425902
2.6875 0.999855662773968
2.703125 0.999868006817591
2.71875 0.99987935111042
2.734375 0.999889771536983
2.75 0.999899338666567
2.765625 0.999908118088214
2.78125 0.999916170727611
2.796875 0.999923553146616
2.8125 0.999930317826141
2.828125 0.99993651343313
2.84375 0.999942185072323
2.859375 0.999947374523499
2.875 0.999952120464865
2.890625 0.999956458683253
2.90625 0.999960422271747
2.921875 0.999964041815364
2.9375 0.999967345565382
2.953125 0.99997035960289
2.96875 0.99997310799212
2.984375 0.999975612924094
3 0.999977894851102
