A matrix:

        77          6         99         28         35         85         82 
         5         51         71         12         33          6         36 
        28         12         86         77         54          3         98 
        77         65         13         46         90         25         44 
        60         65         66         62          4         71         73 
        75         18         40         15         13         47         88 
        59          8         28         55         81         53         88 
        34         42         81         76         54          1         99 
        40         86         82         45         60         38         45 
        86          5         49         29         34         63         52 
Testing decomp
After QR the Q matrix is:

     0.409     -0.276      0.429     -0.372     0.0993      0.257     -0.123 
    0.0265      0.433      0.313     -0.372      0.294    -0.0554      0.244 
     0.149     -0.013      0.521       0.49     0.0561     -0.236     -0.104 
     0.409      0.249     -0.572      0.135      0.336      -0.26     -0.187 
     0.318      0.322    -0.0543      0.131     -0.752      0.354    0.00723 
     0.398     -0.161     -0.109     -0.277     -0.205     -0.407      0.647 
     0.313     -0.181    -0.0838      0.408      0.388      0.565      0.406 
      0.18      0.229      0.304      0.392    -0.0472      -0.37     0.0949 
     0.212      0.595     0.0683     -0.188      0.158      0.198     -0.175 
     0.456     -0.324    -0.0217     -0.125    -0.0424     -0.144     -0.507 
The R matrix is:

       188       90.6        160        121        130        140        204 
         0        112       66.7       50.3       47.9      -6.57       28.6 
         0          0        121       45.5       13.4       13.7       83.5 
         0          0          0       73.3         49      -25.6       55.2 
         0          0          0          0       77.7      -20.4      0.463 
         0          0          0          0          0       48.4      -10.9 
         0          0          0          0          0          0       48.7 
Q^) Q should be I:

         1  -1.11e-16   2.06e-16  -2.01e-16   1.77e-16  -5.69e-16   3.33e-16 
 -1.11e-16          1  -1.73e-16  -1.39e-16   6.77e-17          0   3.89e-16 
  2.06e-16  -1.73e-16          1  -2.62e-16   1.68e-16  -1.69e-16   1.44e-16 
 -2.01e-16  -1.39e-16  -2.62e-16          1   1.73e-16   -1.7e-16   3.75e-16 
  1.77e-16   6.77e-17   1.68e-16   1.73e-16          1    2.6e-18   2.78e-17 
 -5.69e-16          0  -1.69e-16   -1.7e-16    2.6e-18          1  -4.16e-17 
  3.33e-16   3.89e-16   1.44e-16   3.75e-16   2.78e-17  -4.16e-17          1 
QR == A? True
Testing solve.
Matrix A is:

        46         61         40         55          9         17         57         85         90          9 
        55         26         22         84         86         49         70         73         34         32 
        70         53          9         43         73          2         78         26         46         90 
        40         96         20         35         98         91         81         83          0         91 
        88         82         18         63         21         63         79         64         89         18 
        88         90         87         46         66         44         54          6         63         62 
        19         85         26         64         50         50         79         92         50         31 
        34         65         26         24          9         81         15         47         82          1 
        79          8         29         48         52         24         37         29         94         28 
         6         63         32         37         57         13         28         84         97         67 
Vector b is:
        93         71         58         36         35         61         81         66         17         72 
Vector x is:
     -9.37      -14.6       8.79       12.8      -21.1       12.1       7.42      -3.93      0.769       20.7 
Does Ax = b? True
Testing inverse
We use same square matrix A as before
Matrix B is:

   -0.0535    -0.0215    -0.0877     0.0239      0.108      0.016    -0.0124     -0.103     0.0297     0.0539 
    -0.114    -0.0463      -0.14     0.0225      0.169     0.0298     0.0248     -0.162     0.0457     0.0932 
    0.0738     0.0222     0.0719    -0.0105     -0.104    -0.0058    -0.0105     0.0879    -0.0261    -0.0552 
    0.0708     0.0743      0.113    -0.0418       -0.1    -0.0116    -0.0437      0.129    -0.0887    -0.0465 
    -0.158    -0.0765     -0.198     0.0406      0.207     0.0333     0.0584     -0.226      0.107      0.113 
    0.0819     0.0405      0.113    -0.0199      -0.13    -0.0215    -0.0198      0.141    -0.0474    -0.0736 
    0.0581   -0.00358     0.0788   -0.00967     -0.103    -0.0188     0.0301     0.0811    0.00269    -0.0699 
    -0.011   -0.00908    -0.0456     0.0191     0.0446    0.00205    -0.0112    -0.0499     0.0136     0.0275 
 -0.000961   -0.00986     0.0105   -0.00571    -0.0149    -0.0048     0.0164     0.0133     0.0137   -0.00661 
     0.148     0.0782      0.198    -0.0375     -0.206    -0.0322    -0.0612      0.222     -0.104     -0.103 
Is AB=I? True
