0 1 0.2 0.951033024756149 0.195103302475615
0.5 0.877582561890373 0.6 0.810126510685926 0.553781094101408
1 0.54030230586814 1.1 0.446389285028052 0.873201436957031
1.5 0.0707372016677029 1.8 -0.221393221261204 0.954028331357157
2 -0.416146836547142 2.2 -0.570145548147059 0.791645087106902
2.5 -0.801143615546934 2.6 -0.838913391757636 0.503948862187575
3 -0.989992496600445 2.9 -0.952222720389743 0.235278445365468
3.5 -0.936456687290796 3.3 -0.957871011014656 -0.154011841626307
4 -0.653643620863612 3.6 -0.879894074005359 -0.43426214952166
4.5 -0.21079579943078 4.6 -0.111904202451979 -0.97321454366319
5 0.283662185463226 5.2 0.45366522099444 -0.865130206415174
5.5 0.70866977429126 5.6 0.758969876763081 -0.617397974569602
6 0.960170286650366 6.1 0.963453754465897 -0.1773887398311
6.5 0.976587625728023 6.4 0.973304157912492 0.11312494702566
7 0.753902254343305 6.9 0.798439328620248 0.56562492707734
