0, 0.1, 0
0.01, 0.0999750416458383, -0.00498543124380098
0.0282174032240351, 0.0998016172220571, -0.0140292254518835
0.0546581979164472, 0.0992577566075674, -0.0270411400980927
0.0878650772267529, 0.0980903530501957, -0.0431282632938119
0.125823490775595, 0.0961082750104324, -0.0610650629841249
0.166575156597248, 0.0932340451763662, -0.0796468621164174
0.208520609248351, 0.0895012370684919, -0.0978902283546631
0.250520413596187, 0.085017281186331, -0.115109325261629
0.291869819425665, 0.0799192172465788, -0.130900413611827
0.332206503312423, 0.0743410162230032, -0.145076282461212
0.371402786934558, 0.0683971547102418, -0.157590620267366
0.40947359866854, 0.0621784614672314, -0.168475727051894
0.4465104912367, 0.0557544389937993, -0.17780009118788
0.482639658553995, 0.0491778316730783, -0.185643166379304
0.517997687047529, 0.0424892243061091, -0.192082098977023
0.552718897879958, 0.0357208271130674, -0.197185732114512
0.586929667477402, 0.0288993043245407, -0.201012617422406
0.620746682806531, 0.0220477811490027, -0.203611020114708
0.654277276010386, 0.015187232044994, -0.205019777927482
0.687620772833427, 0.00833743720434741, -0.205269414315642
0.720870277960901, 0.00151765424511296, -0.204383215042245
0.75411460955188, -0.00525288717691869, -0.202378143418892
0.787440261344384, -0.0119545910308146, -0.199265553386316
0.820933364500144, -0.0185671455613324, -0.195051698554124
0.854681674371924, -0.0250691769820034, -0.18973805094141
0.888776638343435, -0.0314378709058233, -0.183321447881135
0.923315620193824, -0.0376485272115371, -0.175794086776309
0.958404368485389, -0.0436740098191198, -0.16714339052132
0.994159819877047, -0.0494840431127182, -0.157351777359912
1.03071331299969, -0.0550442905907947, -0.146396397356845
1.06821422757041, -0.0603151275722646, -0.134248962155644
1.10683389291954, -0.0652499884198629, -0.12087593339163
1.14676918538548, -0.0697931355001755, -0.106239626302046
1.18824423915442, -0.0738766875078047, -0.090301384898889
1.23150648922232, -0.0774168435543207, -0.0730291774626713
1.2768087813014, -0.0803096886101259, -0.0544141274670127
1.32436181184438, -0.0824283434980926, -0.0345035297011653
1.37423511059073, -0.0836264312938504, -0.0134585898538345
1.42620238445217, -0.0837573487508897, 0.00836855661970475
1.47960580798877, -0.0827169461434071, 0.0303875042498949
1.5334048896203, -0.0804952749345209, 0.0518380653840068
1.58647094676221, -0.0771966039843394, 0.0719843955699411
1.63792359075532, -0.0730062242021148, 0.090301889209874
1.68728311594452, -0.0681321876447786, 0.106536542126792
1.73442859496317, -0.0627607710803763, 0.120651216016401
1.77947494922072, -0.05703830410579, 0.132736138668999
1.82265716443637, -0.0510716481062096, 0.142935172389904
1.86425182138976, -0.0449364168318686, 0.151400810417809
1.90453357066068, -0.0386862101783493, 0.158272214660566
1.94375526513714, -0.03236019593673, 0.163667240576033
1.98214166651041, -0.0259885579851563, 0.167681574832372
2.01989003493236, -0.0195961492553535, 0.17039088679188
2.05717375294645, -0.0132048545421119, 0.171853871539981
2.09414697912265, -0.00683510150747498, 0.172115213616232
2.13094939168819, -0.000506842117112973, 0.171208098709458
2.1677106557217, 0.00575977523276707, 0.169156183210582
2.20455454063027, 0.0119438963599725, 0.165975050025148
2.24160275833153, 0.0180235159673547, 0.16167321822572
2.27897866128441, 0.023975025307785, 0.156252778478677
2.31681097335491, 0.0297726944782768, 0.14970971855679
2.35523774484031, 0.0353880317241567, 0.14203399631559
2.39441073038563, 0.0407889520883595, 0.133209421198494
2.43450037286055, 0.0459386662565895, 0.123213433425603
2.4757014946475, 0.0507941657068157, 0.112016949596522
2.5182395376813, 0.0553041314820506, 0.0995846332554703
2.56237647759314, 0.0594060392862958, 0.085876378082654
2.60841370916722, 0.0630222171484513, 0.0708517352362414
2.65668482877345, 0.0660547959191017, 0.0544810052021883
2.70752186075503, 0.068380378030598, 0.036770449605178
2.7611631925596, 0.0698480588269678, 0.0178138655601395
2.81756654221045, 0.0702906624423987, -0.00212042632242439
2.87616086926647, 0.0695645027068182, -0.0224969479663512
2.93575953617504, 0.0676164683753907, -0.0425236878242374
2.99487621413991, 0.0645308736719932, -0.0613526738411907
3.05225324103714, 0.0605051467902513, -0.0783424156622423
3.10716991258817, 0.0557764691728385, -0.0931741899599512
3.15942245533225, 0.0505591575480661, -0.10579957535106
3.20914900657407, 0.0450183965536563, -0.116326451498011
3.25665728662651, 0.0392708114150719, -0.124923918821122
3.30230991284183, 0.0333956873882261, -0.131766474297385
3.34646352293483, 0.0274470969562407, -0.13700877448579
3.38944297748118, 0.0214634333815673, -0.140777919989373
3.43153470300129, 0.0154739647493113, -0.143173950151136
3.4729891613288, 0.00950304496493216, -0.144273375662895
3.51402701492283, 0.0035727370220334, -0.144133283001466
3.5548463502628, -0.00229555047056464, -0.142795001146767
3.59562984460977, -0.00807999541799171, -0.140287016899467
3.63655154038785, -0.0137575864916475, -0.136627121935968
3.67778327399638, -0.0193034555504352, -0.131823881057723
3.71950099125683, -0.0246901866199056, -0.125877535503335
3.76189127424553, -0.0298869912862378, -0.118780452950516
3.80515844860651, -0.0348586365991177, -0.110517239142963
3.84953263126069, -0.0395639839370287, -0.101064665369395
3.89527893509879, -0.0439539439846986, -0.0903916931191813
3.94270751890903, -0.0479685741213043, -0.0784602065711702
3.99218257776153, -0.0515329618740473, -0.0652278609746726
4.04412398231297, -0.0545515668816436, -0.0506563167437597
4.09898420995228, -0.0569012782377048, -0.034732190288513
4.1571598241292, -0.0584259690220772, -0.0175152284897473
4.21876951543311, -0.058942655259128, 0.000767657253461708
4.2832861946306, -0.0582805255213235, 0.0195970644444697
4.34930341749806, -0.0563628111335411, 0.0381311745351865
4.41490317498674, -0.0532758785149175, 0.0554269982181558
4.47843666321442, -0.0492450079179851, 0.0707767271371291
4.53580813127876, -0.0448085039549136, 0.0832064602266012
4.59126830570423, -0.0398814071144633, 0.0937567528905285
4.64458664104258, -0.0346324036073195, 0.102407892575677
4.69586933828464, -0.0291866609815135, 0.109251960977856
4.74538400831093, -0.0236317007176471, 0.114418660799499
4.79345486254708, -0.0180280398394168, 0.118036362430041
4.84040938339445, -0.0124188668595011, 0.120215825191874
4.88655602355754, -0.00683719694082575, 0.121045815383161
4.93217857453853, -0.00131069404173141, 0.120593971821256
4.97753874381263, 0.00413519502156027, 0.118909447386384
5.02288247877063, 0.0094751775495894, 0.116025727162558
5.06844793835156, 0.0146826509567703, 0.111962987531799
5.11447432618655, 0.0197284970806334, 0.106729812329926
5.16121151638928, 0.0245798779069838, 0.100324279790277
5.20893079613588, 0.0291988090227389, 0.0927345285702911
5.25793722862156, 0.0335402712176394, 0.0839390034196503
5.3085840284366, 0.0375495542358722, 0.0739067808679409
5.36128848477768, 0.0411584112063265, 0.0625988902322658
5.4165459311812, 0.0442794811803814, 0.0499728651362986
5.47492903574625, 0.0467985572258757, 0.0359960408771694
5.53703486319419, 0.0485656598973071, 0.0206805388884291
5.60329114849934, 0.0493917414943907, 0.00416474915877504
5.6735083822117, 0.0490730493962817, -0.0131405578978551
5.74634373981135, 0.047474097156815, -0.0304308448482879
5.81944245213899, 0.0446360200737928, -0.0466602206741904
5.89049767819041, 0.040786801256809, -0.0609623776165746
5.95433249614851, 0.0365109422916026, -0.0722873496495393
6.01589565190689, 0.0317490849128002, -0.0816485352417072
6.07490141272354, 0.0266905812833205, -0.0890388768514557
6.13150882948021, 0.0214721921557608, -0.0945747474088237
6.18608160148788, 0.0161863354452531, -0.0984078085386698
6.23904882666423, 0.0108949345678361, -0.100681359751335
6.29083798123103, 0.00564143469306187, -0.101514059617442
6.34184987462427, 0.000459330114194286, -0.100997030507755
6.39245523994223, -0.0046222718104549, -0.0991962442603709
6.443001610298, -0.00957507799793865, -0.0961562626338235
6.4938249245041, -0.0143691810387808, -0.0919036931170887
6.54526359757092, -0.0189711420372069, -0.0864498171875295
6.59767457797947, -0.0233421056933687, -0.0797923389480137
6.65145185130834, -0.0274355274176151, -0.0719164538665756
6.70704814959609, -0.0311940518801878, -0.0627957102758725
6.76499980951071, -0.0345449435394944, -0.0523937575114596
6.8259506126133, -0.0373932823940605, -0.0406697531601739
6.890656023018, -0.0396122476388708, -0.0275947113919329
6.95990594670973, -0.0410318555250508, -0.0131971066215359
7.03420902351921, -0.0414371557157575, 0.00232590302880543
7.11306088559659, -0.0406116451140932, 0.0184157120483014
7.19426997920607, -0.0384619110723154, 0.034060541014822
7.27465734349115, -0.0351301755768731, 0.0481331878513874
7.34729741460563, -0.0312022020801398, 0.0592732885239158
7.41730014907855, -0.0267070227124282, 0.0683430949614081
7.48408709230108, -0.0218829208172781, 0.0752925503736772
7.54780223746138, -0.016901779313412, 0.0802540918323344
7.60892632691227, -0.0118759396115385, 0.0834134034278202
7.66804806840943, -0.00687706425822886, 0.0849453707727625
7.7257563223788, -0.00195312103527905, 0.0849914759252431
7.78260229170772, 0.00285974952597849, 0.0836567762964097
7.83909672901515, 0.0075296988709278, 0.0810139940623192
7.89572328600293, 0.0120244096843599, 0.0771090144903663
7.95295939509079, 0.0163077770700502, 0.0719656405234832
8.01130172335397, 0.020337034277152, 0.0655890644979467
8.07129614441334, 0.024059515981006, 0.0579682640244714
8.13357322104953, 0.0274082461165997, 0.0490781325737982
8.19888837159866, 0.0302953433290746, 0.0388833918610086
8.26815525958711, 0.0326020254210568, 0.0273498324202325
8.34242076263853, 0.0341648684049583, 0.0144783329710056
8.4226095343177, 0.0347651169060553, 0.000400131659452007
8.50869195335551, 0.0341552806165916, -0.0144151302519067
8.59847256075013, 0.0321874630239982, -0.028962285403962
8.68798219016974, 0.0289794637695574, -0.041983413605658
8.76863702501742, 0.0251562100754122, -0.0520301275636183
8.84620661089919, 0.0207810131153123, -0.0599096430955795
8.92000322196734, 0.0161177575205195, -0.0655956162986098
8.9902675234178, 0.0113502809361266, -0.0692564819822209
9.05765214538364, 0.00659392565827087, -0.0711053438800228
9.12292893538634, 0.00192002780689672, -0.0713315564557657
9.18686144132498, -0.00262355220920556, -0.0700805270756518
9.25016855656468, -0.00699875310990834, -0.0674541149923801
9.31353211935121, -0.0111687847431118, -0.0635172569411272
9.37762511779839, -0.0150924821871959, -0.0583049426996393
9.44315142625137, -0.0187196966592821, -0.0518277748589346
9.51089532955847, -0.0219862209474187, -0.0440762769819486
9.58178112010796, -0.0248067500037129, -0.0350256771275808
9.65693519949093, -0.0270641000029926, -0.0246462392973378
9.73770094100817, -0.0285932745068481, -0.0129342469649186
9.82540002998448, -0.0291654497291136, -6.29717005963711E-06
9.92030354651059, -0.0285094238653337, 0.0136673948438371
10, -0.0269783976144913, 0.0244266637909305
